8467  0  0    9 2924   78   88 This_is_a_SECOND_LINE 62 24464  5705000    73508       73
3281  1  1    1 2995   42   57 This_is_a_SECOND_LINE 36 32391 14604000    73508       73
 153  0  1 TESTLINE1    1 18716 19718 19895 118341522 
1538  1 12    7  699   35  124 This_is_a_SECOND_LINE  3 23811 31322000    73508       73
7673  0  1    1 2653   68   77 This_is_a_SECOND_LINE 44 32662 32757000    73508       73
2859  1  1    9  778   16   65 This_is_a_SECOND_LINE 90 1842   288000    73508       73
  40  0  1 TESTLINE1    8 27446 23805 15890 163985730 
   6  1  0 TESTLINE1    8 19629 12623 24084 374257224 
 966  0  2 TESTLINE1    8 16944 32439 24626 62695451 
 118  0  0 TESTLINE1    1 4833 31115 4639 673355232 
 977  0  2 TESTLINE1    6 5021 28745 26924 119581440 
6777  1 17    2 1586   90   91 This_is_a_SECOND_LINE 36 22355 24767000    73508       73
5574  1 12    0 1150   41   54 This_is_a_SECOND_LINE 66 3430 31107000    73508       73
8007  1 17    7 2153   83   75 This_is_a_SECOND_LINE  9 32209  9758000    73508       73
8588  0  6    6  230   13   98 This_is_a_SECOND_LINE  0 32591 18762000    73508       73
7410  1  4    7 2348   83  125 This_is_a_SECOND_LINE 41 3602 24350000    73508       73
 836  0  0    6 1621   48  129 This_is_a_SECOND_LINE 68 24484  8281000    73508       73
  53  1  0 TESTLINE1    8 6900 3788 18127  1740976 
4648  1  7    1 1510   17   43 This_is_a_SECOND_LINE 14 14309  7616000    73508       73
7451  0  9    9 2756   98   33 This_is_a_SECOND_LINE 24 11008  5844000    73508       73
4989  0 15    5 3093   43   53 This_is_a_SECOND_LINE 87 29314  9503000    73508       73
 200  0  0 TESTLINE1    0 19796 14798 15281 407412022 
7157  0  2    8 2692   38  109 This_is_a_SECOND_LINE 90 29657  7958000    73508       73
9815  0 16    1  202   34  102 This_is_a_SECOND_LINE 55 20328 22646000    73508       73
 886  1  2 TESTLINE1    9 20142 23844 1416 700148238 
 651  1  2 TESTLINE1    7 28476 27892 24389 54363400 
 510  1  1 TESTLINE1    1 14688 13401 9789 250532865 
 585  0  1 TESTLINE1    8 31426 28617 23757 304123424 
2154  1  9    6 2529   68  122 This_is_a_SECOND_LINE 25 10555  3434000    73508       73
7441  0  5    0 2518   53   69 This_is_a_SECOND_LINE 23 16279 25996000    73508       73
2529  1 17    6  149   93  125 This_is_a_SECOND_LINE 97 20416 28286000    73508       73
4488  0 15    4 2114    1   46 This_is_a_SECOND_LINE 71 5786 12263000    73508       73
4355  1 13    2 1208   32   75 This_is_a_SECOND_LINE 13 27756 28321000    73508       73
 646  0  1 TESTLINE1    4 23196 20222 7129 11961135 
 173  0  2 TESTLINE1    9 26292 26439 17253 523707696 
 745  1  1 TESTLINE1    3 4474 28022 2168 263356166 
7958  1  2    5  877   14   44 This_is_a_SECOND_LINE 24 29334 25874000    73508       73
 159  1  2 TESTLINE1    7 28297 7518 8177 573534710 
2668  0  5    2 2080   13   57 This_is_a_SECOND_LINE  2 4099 30527000    73508       73
1543  0  3    2  261   81   33 This_is_a_SECOND_LINE 32 17505 27593000    73508       73
3031  0  2    2 2486   64   30 This_is_a_SECOND_LINE 87 8360 22413000    73508       73
 270  0  1 TESTLINE1    3 19711 25760 18896 33999095 
 140  0  1 TESTLINE1    4 28019 2125 26576 491542652 
 371  0  1 TESTLINE1    3 23851 25484 1018 601131216 
 800  1  1 TESTLINE1    6 9010 4757 32170 194536440 
2043  0  4    9 1482   86   95 This_is_a_SECOND_LINE 87 29577 14474000    73508       73
5627  1  8    3 2920    2   92 This_is_a_SECOND_LINE 23 24596  3737000    73508       73
 195  1  4    0 3002   16   60 This_is_a_SECOND_LINE 26 29011 30771000    73508       73
5547  1  0    0 2124   88   93 This_is_a_SECOND_LINE 40 20851 18662000    73508       73
 900  1 18    8 1965    7  107 This_is_a_SECOND_LINE  0 26058  6439000    73508       73
2760  1  4    7 1908   13  117 This_is_a_SECOND_LINE  1 22850 14460000    73508       73
 993  0  1 TESTLINE1    0 31111 28704 12835 196465632 
 823  1  0 TESTLINE1    6 1626 9357 8526 391854309 
3869  1 16    2  817   12   47 This_is_a_SECOND_LINE 96 11585 24041000    73508       73
4129  1  5    9 2532   96   85 This_is_a_SECOND_LINE 53 16962  3584000    73508       73
 654  0  1 TESTLINE1    9 22532 2963 2607  2262013 
  67  0 15    8 2223   42   84 This_is_a_SECOND_LINE 11 22741 20175000    74314       74
7825  1 10    6 3134    5  113 This_is_a_SECOND_LINE 50 17398 22279000    74314       74
2193  0 17    4 2356   93  106 This_is_a_SECOND_LINE  5 6962 10548000    74314       74
 300  1  1    5 2455   42   92 This_is_a_SECOND_LINE 11 30877 20424000    74314       74
 752  1  0 TESTLINE1    3 10040 9313  875 257282896 
  17  0  2 TESTLINE1    5 13169 23831 20040 759808280 
 497  1  1 TESTLINE1    5 19353 19314 18651 589456560 
 335  1  2 TESTLINE1    5 25264 12181 28503 91034475 
 292  1  2 TESTLINE1    6 25561 31627 6467 771876789 
 813  0  0 TESTLINE1    7 20215 8683 8213 619569408 
3392  1 10    8 2427   84  105 This_is_a_SECOND_LINE 86 15498 24970000    74314       74
3847  0  3    1  263    6   93 This_is_a_SECOND_LINE 10 22171 27489000    74314       74
 164  0  2 TESTLINE1    3 7591 6704 31818  6924000 
4975  1  3    2 1898   47  114 This_is_a_SECOND_LINE 48 2971 17864000    74314       74
1075  1 12    6 2678   69   92 This_is_a_SECOND_LINE 19 13985 28289000    74314       74
 865  0  1 TESTLINE1    8 28318 27870 9601 598521636 
 152  1  1 TESTLINE1    3 29901 17103 14423 40913200 
4015  1  8    3 2947   88   73 This_is_a_SECOND_LINE 37 22409 26463000    74314       74
4681  0  2    8   60   21   88 This_is_a_SECOND_LINE 54 20888 14146000    74314       74
 949  1  1 TESTLINE1    0  748 27067 4536 374821405 
 185  0  1 TESTLINE1    9 11224 15748 19923 108351263 
 944  1  2 TESTLINE1    6 25411 21025 20355 699041549 
 584  1  0 TESTLINE1    2 8075 17913 16142 684689808 
 426  0  1 TESTLINE1    9 32404 6705 20626 577607500 
